add_mission(name, recmap, cooldown in s yes, minlv, maxlv, misspts, expmult, mob1, mobc1 ... item1, itemc1, ... , reward1, rewardc1, ... );

// 0
add_mission("Starting in Prontera Fields",	prt_fild08,null,1,19,666,100,	1002,10,1063,10,1113,5,0,0,0,0,0,0,		0,0,0,0,0,0,0,0,0,0,0,0,	0,0,0,0,0,0,0,0,0,0,);
add_mission("Surrounding Geffen Fields",	gef_fild04,null,1,19,666,100,	1007,10,1012,10,1011,10,0,0,0,0,0,0,		0,0,0,0,0,0,0,0,0,0,0,0,	0,0,0,0,0,0,0,0,0,0,);
add_mission("Looking in Payon Forests",		pay_fild01,null,1,19,666,100,	1063,10,1010,10,1002,10,0,0,0,0,0,0,		0,0,0,0,0,0,0,0,0,0,0,0,	0,0,0,0,0,0,0,0,0,0,);
add_mission("Entering Culvert",			prt_sewb1,null,1,19,666,100,	1051,5,1175,5,1005,5,0,0,0,0,0,0,		0,0,0,0,0,0,0,0,0,0,0,0,	0,0,0,0,0,0,0,0,0,0,);
add_mission("Danger in Sograt Deserts",		moc_fild01,null,1,19,666,100,	1049,10,1113,10,1107,10,0,0,0,0,0,0,		0,0,0,0,0,0,0,0,0,0,0,0,	0,0,0,0,0,0,0,0,0,0,);

// 5
add_mission("Deeper into Culvert",		prt_sewb2,null,20,39,666,100,	1175,20,1053,20,1054,20,0,0,0,0,0,0,		0,0,0,0,0,0,0,0,0,0,0,0,	0,0,0,0,0,0,0,0,0,0,);
add_mission("Frog Hunting",			beach_dun3,null,20,39,666,100,	1034,20,0,0,0,0,0,0,0,0,0,0,			0,0,0,0,0,0,0,0,0,0,0,0,	0,0,0,0,0,0,0,0,0,0,);
add_mission("Santa's Toy Factory",		xmas_dun01,null,20,39,666,100,	1265,10,1246,10,0,0,0,0,0,0,0,0,		0,0,0,0,0,0,0,0,0,0,0,0,	0,0,0,0,0,0,0,0,0,0,);
add_mission("Amatsu Shrine's Gunmen",		ama_dun01,null,20,39,666,100,	1403,30,0,0,0,0,0,0,0,0,0,0,			0,0,0,0,0,0,0,0,0,0,0,0,	0,0,0,0,0,0,0,0,0,0,);
add_mission("Insects in Mjolnir Mountains",	mjolnir_07,null,20,39,666,100,	1128,20,1094,20,1004,20,1077,5,0,0,0,0,		0,0,0,0,0,0,0,0,0,0,0,0,	0,0,0,0,0,0,0,0,0,0,);

// 10
add_mission("Payon Cave's Undead Monsters",	pay_dun00,null,20,39,666,100,	1015,10,1076,10,1028,10,1016,10,0,0,0,0,	0,0,0,0,0,0,0,0,0,0,0,0,	0,0,0,0,0,0,0,0,0,0,);
add_mission("Secluded in Sograt Desert",	moc_fild03,null,20,39,666,100,	1042,15,1055,15,0,0,0,0,0,0,0,0,		0,0,0,0,0,0,0,0,0,0,0,0,	0,0,0,0,0,0,0,0,0,0,);
add_mission("Deeper into Payon Forest",		pay_fild03,null,20,39,666,100,	1013,20,1056,20,1060,10,0,0,0,0,0,0,		0,0,0,0,0,0,0,0,0,0,0,0,	0,0,0,0,0,0,0,0,0,0,);
add_mission("Moscovia Les Forest Clearing",	mosk_dun01,null,40,59,666,100,	1881,30,1880,5,0,0,0,0,0,0,0,0,			0,0,0,0,0,0,0,0,0,0,0,0,	0,0,0,0,0,0,0,0,0,0,);
add_mission("Undead Orc Dungeon",		orcsdun01,null,40,59,666,100,	1153,40,1152,20,0,0,0,0,0,0,0,0,		0,0,0,0,0,0,0,0,0,0,0,0,	0,0,0,0,0,0,0,0,0,0,);

// 15
add_mission("Beginning of Sphinx",		in_sphinx1,null,40,59,666,100,	1178,50,1164,50,0,0,0,0,0,0,0,0,		0,0,0,0,0,0,0,0,0,0,0,0,	0,0,0,0,0,0,0,0,0,0,);
add_mission("Treasures of Toy Factory",		xmas_dun02,null,40,59,666,100,	1249,30,1248,10,0,0,0,0,0,0,0,0,		0,0,0,0,0,0,0,0,0,0,0,0,	0,0,0,0,0,0,0,0,0,0,);
add_mission("Rusty Einbroch Fields",		ein_fild08,null,40,59,666,100,	1613,40,1619,5,0,0,0,0,0,0,0,0,			0,0,0,0,0,0,0,0,0,0,0,0,	0,0,0,0,0,0,0,0,0,0,);
add_mission("Plants by Ice Cave",		ra_fild01,null,40,59,666,100,	1780,30,1781,5,0,0,0,0,0,0,0,0,			0,0,0,0,0,0,0,0,0,0,0,0,	0,0,0,0,0,0,0,0,0,0,);
add_mission("Veins Wolf Wasteland",		ve_fild04,null,60,79,666,100,	1106,60,1782,20,0,0,0,0,0,0,0,0,		0,0,0,0,0,0,0,0,0,0,0,0,	0,0,0,0,0,0,0,0,0,0,);

// 20
add_mission("Manuk Pest Control",		man_fild01,null,60,79,666,100,	1999,70,1988,20,0,0,0,0,0,0,0,0,		0,0,0,0,0,0,0,0,0,0,0,0,	0,0,0,0,0,0,0,0,0,0,);
add_mission("Disaster in the Coal Mine",	mjo_dun03,null,40,59,666,100,	1169,140,1151,30,0,0,0,0,0,0,0,0,		0,0,0,0,0,0,0,0,0,0,0,0,	0,0,0,0,0,0,0,0,0,0,);
add_mission("Kobolds in Kordt Forest",		gef_fild12,null,60,79,666,100,	1133,10,1134,10,1135,10,0,0,0,0,0,0,		0,0,0,0,0,0,0,0,0,0,0,0,	0,0,0,0,0,0,0,0,0,0,);
add_mission("Under the Waterfall Cave",		bra_dun01,null,60,79,666,100,	2069,30,2070,30,0,0,0,0,0,0,0,0,		0,0,0,0,0,0,0,0,0,0,0,0,	0,0,0,0,0,0,0,0,0,0,);
add_mission("Deep inside Geffen Tower",		gef_dun01,null,60,79,666,100,	1130,80,1061,80,0,0,0,0,0,0,0,0,		0,0,0,0,0,0,0,0,0,0,0,0,	0,0,0,0,0,0,0,0,0,0,);

// 25
add_mission("Come and Get Gonryun Shrine",	gon_dun01,null,60,79,666,100,	1417,20,1414,20,1408,20,0,0,0,0,0,0,		0,0,0,0,0,0,0,0,0,0,0,0,	0,0,0,0,0,0,0,0,0,0,);
add_mission("Experiments in Bio-Laboratory",	lhz_dun02,null,60,79,666,100,	1652,10,1653,10,1654,10,1655,10,1656,10,1657,10,0,0,0,0,0,0,0,0,0,0,0,0,	0,0,0,0,0,0,0,0,0,0,);
add_mission("Travelling Magma Nogg Road",	mag_dun01,null,60,79,666,100,	1072,25,1366,15,1367,30,0,0,0,0,0,0,		0,0,0,0,0,0,0,0,0,0,0,0,	0,0,0,0,0,0,0,0,0,0,);
add_mission("Occultists of Rachel Sanctuary",	ran_san01,null,60,79,666,100,	1771,40,1772,30,0,0,0,0,0,0,0,0,		0,0,0,0,0,0,0,0,0,0,0,0,	0,0,0,0,0,0,0,0,0,0,);
add_mission("Inside Turtle Island",		tur_dun02,null,60,79,666,100,	1316,30,1314,30,0,0,0,0,0,0,0,0,		0,0,0,0,0,0,0,0,0,0,0,0,	0,0,0,0,0,0,0,0,0,0,);

// 30
