add_mission(name, recmap, cooldown in s yes, minlv, maxlv, misspts, expmult, mob1, mobc1 ... item1, itemc1, ... , reward1, rewardc1, ... );

// 0
add_mission("Starting in Prontera Fields",	prt_fild08,null,1,19,666,100,	1002,10,1063,10,1113,5,0,0,0,0,0,0,		0,0,0,0,0,0,0,0,0,0,0,0,	0,0,0,0,0,0,0,0,0,0,);
add_mission("Surrounding Geffen Fields",	gef_fild04,null,1,19,666,100,	1007,10,1012,10,1011,10,0,0,0,0,0,0,		0,0,0,0,0,0,0,0,0,0,0,0,	0,0,0,0,0,0,0,0,0,0,);
add_mission("Looking in Payon Forests",		pay_fild01,null,1,19,666,100,	1063,10,1010,10,1002,10,0,0,0,0,0,0,		0,0,0,0,0,0,0,0,0,0,0,0,	0,0,0,0,0,0,0,0,0,0,);
add_mission("Entering Culvert",			prt_sewb1,null,1,19,666,100,	1051,5,1175,5,1005,5,0,0,0,0,0,0,		0,0,0,0,0,0,0,0,0,0,0,0,	0,0,0,0,0,0,0,0,0,0,);
add_mission("Danger in Sograt Deserts",		moc_fild01,null,1,19,666,100,	1049,10,1113,10,1107,10,0,0,0,0,0,0,		0,0,0,0,0,0,0,0,0,0,0,0,	0,0,0,0,0,0,0,0,0,0,);

// 5
add_mission("Deeper into Culvert",		prt_sewb2,null,20,39,666,100,	1175,20,1053,20,1054,20,0,0,0,0,0,0,		0,0,0,0,0,0,0,0,0,0,0,0,	0,0,0,0,0,0,0,0,0,0,);
add_mission("Frog Hunting",			beach_dun3,null,20,39,666,100,	1034,20,0,0,0,0,0,0,0,0,0,0,			0,0,0,0,0,0,0,0,0,0,0,0,	0,0,0,0,0,0,0,0,0,0,);
add_mission("Santa's Toy Factory",		xmas_dun01,null,20,39,666,100,	1265,10,1246,10,0,0,0,0,0,0,0,0,		0,0,0,0,0,0,0,0,0,0,0,0,	0,0,0,0,0,0,0,0,0,0,);
add_mission("Amatsu Shrine's Gunmen",		ama_dun01,null,20,39,666,100,	1403,30,0,0,0,0,0,0,0,0,0,0,			0,0,0,0,0,0,0,0,0,0,0,0,	0,0,0,0,0,0,0,0,0,0,);
add_mission("Insects in Mjolnir Mountains",	mjolnir_07,null,20,39,666,100,	1128,20,1094,20,1004,20,1077,5,0,0,0,0,		0,0,0,0,0,0,0,0,0,0,0,0,	0,0,0,0,0,0,0,0,0,0,);

// 10
add_mission("Payon Cave's Undead Monsters",	pay_dun00,null,20,39,666,100,	1015,10,1076,10,1028,10,1016,10,0,0,0,0,	0,0,0,0,0,0,0,0,0,0,0,0,	0,0,0,0,0,0,0,0,0,0,);
add_mission("Secluded in Sograt Desert",	moc_fild03,null,20,39,666,100,	1042,15,1055,15,0,0,0,0,0,0,0,0,		0,0,0,0,0,0,0,0,0,0,0,0,	0,0,0,0,0,0,0,0,0,0,);
add_mission("Deeper into Payon Forest",		pay_fild03,null,20,39,666,100,	1013,20,1056,20,1060,10,0,0,0,0,0,0,		0,0,0,0,0,0,0,0,0,0,0,0,	0,0,0,0,0,0,0,0,0,0,);
add_mission("Moscovia Les Forest Clearing",	mosk_dun01,null,40,59,666,100,	1881,30,1880,5,0,0,0,0,0,0,0,0,			0,0,0,0,0,0,0,0,0,0,0,0,	0,0,0,0,0,0,0,0,0,0,);
add_mission("Undead Orc Dungeon",		orcsdun01,null,40,59,666,100,	1153,40,1152,20,0,0,0,0,0,0,0,0,		0,0,0,0,0,0,0,0,0,0,0,0,	0,0,0,0,0,0,0,0,0,0,);

// 15
add_mission("Beginning of Sphinx",		in_sphinx1,null,40,59,666,100,	1178,50,1164,50,0,0,0,0,0,0,0,0,		0,0,0,0,0,0,0,0,0,0,0,0,	0,0,0,0,0,0,0,0,0,0,);
add_mission("Treasures of Toy Factory",		xmas_dun02,null,40,59,666,100,	1249,30,1248,10,0,0,0,0,0,0,0,0,		0,0,0,0,0,0,0,0,0,0,0,0,	0,0,0,0,0,0,0,0,0,0,);
add_mission("Rusty Einbroch Fields",		ein_fild08,null,40,59,666,100,	1613,40,1619,5,0,0,0,0,0,0,0,0,			0,0,0,0,0,0,0,0,0,0,0,0,	0,0,0,0,0,0,0,0,0,0,);
add_mission("Plants by Ice Cave",		ra_fild01,null,40,59,666,100,	1780,30,1781,5,0,0,0,0,0,0,0,0,			0,0,0,0,0,0,0,0,0,0,0,0,	0,0,0,0,0,0,0,0,0,0,);
add_mission("Veins Wolf Wasteland",		ve_fild04,null,60,79,666,100,	1106,60,1782,20,0,0,0,0,0,0,0,0,		0,0,0,0,0,0,0,0,0,0,0,0,	0,0,0,0,0,0,0,0,0,0,);

// 20
add_mission("Manuk Pest Control",		man_fild01,null,60,79,666,100,	1999,70,1988,20,0,0,0,0,0,0,0,0,		0,0,0,0,0,0,0,0,0,0,0,0,	0,0,0,0,0,0,0,0,0,0,);
add_mission("Disaster in the Coal Mine",	mjo_dun03,null,40,59,666,100,	1169,140,1151,30,0,0,0,0,0,0,0,0,		0,0,0,0,0,0,0,0,0,0,0,0,	0,0,0,0,0,0,0,0,0,0,);
add_mission("Kobolds in Kordt Forest",		gef_fild12,null,60,79,666,100,	1133,10,1134,10,1135,10,0,0,0,0,0,0,		0,0,0,0,0,0,0,0,0,0,0,0,	0,0,0,0,0,0,0,0,0,0,);
add_mission("Under the Waterfall Cave",		bra_dun01,null,60,79,666,100,	2069,30,2070,30,0,0,0,0,0,0,0,0,		0,0,0,0,0,0,0,0,0,0,0,0,	0,0,0,0,0,0,0,0,0,0,);
add_mission("Deep inside Geffen Tower",		gef_dun01,null,60,79,666,100,	1130,80,1061,80,0,0,0,0,0,0,0,0,		0,0,0,0,0,0,0,0,0,0,0,0,	0,0,0,0,0,0,0,0,0,0,);

// 25
add_mission("Come and Get Gonryun Shrine",	gon_dun01,null,60,79,666,100,	1417,20,1414,20,1408,20,0,0,0,0,0,0,		0,0,0,0,0,0,0,0,0,0,0,0,	0,0,0,0,0,0,0,0,0,0,);
add_mission("Experiments in Bio-Laboratory",	lhz_dun02,null,60,79,666,100,	1652,10,1653,10,1654,10,1655,10,1656,10,1657,10,0,0,0,0,0,0,0,0,0,0,0,0,	0,0,0,0,0,0,0,0,0,0,);
add_mission("Travelling Magma Nogg Road",	mag_dun01,null,60,79,666,100,	1072,25,1366,15,1367,30,0,0,0,0,0,0,		0,0,0,0,0,0,0,0,0,0,0,0,	0,0,0,0,0,0,0,0,0,0,);
add_mission("Occultists of Rachel Sanctuary",	ran_san01,null,60,79,666,100,	1771,40,1772,30,0,0,0,0,0,0,0,0,		0,0,0,0,0,0,0,0,0,0,0,0,	0,0,0,0,0,0,0,0,0,0,);
add_mission("Inside Turtle Island",		tur_dun02,null,60,79,666,100,	1316,30,1314,30,0,0,0,0,0,0,0,0,		0,0,0,0,0,0,0,0,0,0,0,0,	0,0,0,0,0,0,0,0,0,0,);

// 30
add_mission("Arise Anubis No more",		in_sphinx4,null,60,79,666,100,	1098,40,0,0,0,0,0,0,0,0,0,0,			0,0,0,0,0,0,0,0,0,0,0,0,	0,0,0,0,0,0,0,0,0,0,);
add_mission("Storming the Siromas",		ice_dun01,null,60,79,666,100,	1776,100,0,0,0,0,0,0,0,0,0,0,			0,0,0,0,0,0,0,0,0,0,0,0,	0,0,0,0,0,0,0,0,0,0,);
add_mission("Beasts in Papuchicha Forest",	cmd_fild01,null,60,79,666,100,	1271,60,1077,20,1840,10,0,0,0,0,0,0,		0,0,0,0,0,0,0,0,0,0,0,0,	0,0,0,0,0,0,0,0,0,0,);
add_mission("Unholy Glast Heim Churchdwellers",	gl_church,null,60,79,666,100,	1117,70,1036,20,1192,20,0,0,0,0,0,0,		0,0,0,0,0,0,0,0,0,0,0,0,	0,0,0,0,0,0,0,0,0,0,);
add_mission("Clean the Clock Tower",		c_tower2,null,60,79,666,100,	1269,30,1193,20,0,0,0,0,0,0,0,0,		0,0,0,0,0,0,0,0,0,0,0,0,	0,0,0,0,0,0,0,0,0,0,);

// 35
add_mission("GH Culvert, Harder than Prontera",	gl_sew03,null,60,79,666,100,	1207,100,1253,40,1194,10,0,0,0,0,0,0,		0,0,0,0,0,0,0,0,0,0,0,0,	0,0,0,0,0,0,0,0,0,0,);
add_mission("Dremuci Forest Clearing",		mosk_dun02,null,60,79,666,100,	1882,20,1884,10,1883,20,0,0,0,0,0,0,		0,0,0,0,0,0,0,0,0,0,0,0,	0,0,0,0,0,0,0,0,0,0,);
add_mission("Surface of Turtle Island",		tur_dun01,null,60,79,666,100,	1034,10,1322,10,1321,10,0,0,0,0,0,0,		0,0,0,0,0,0,0,0,0,0,0,0,	0,0,0,0,0,0,0,0,0,0,);
add_mission("Exploring Einbech Mines",		ein_dun01,null,60,79,666,100,	1620,30,1621,20,1616,20,0,0,0,0,0,0,		0,0,0,0,0,0,0,0,0,0,0,0,	0,0,0,0,0,0,0,0,0,0,);
add_mission("Skellington's Little Ghosts",	nif_fild01,null,60,79,666,100,	1506,30,1508,30,1510,30,0,0,0,0,0,0,		0,0,0,0,0,0,0,0,0,0,0,0,	0,0,0,0,0,0,0,0,0,0,);

//40
add_mission("Miners in Thor Volcano",		thor_v02,null,60,79,666,100,	1838,70,1837,10,0,0,0,0,0,0,0,0,		0,0,0,0,0,0,0,0,0,0,0,0,	0,0,0,0,0,0,0,0,0,0,);
add_mission("Farming Fish in Byalan",		iz_dun03,null,60,79,666,100,	1045,70,1069,30,1142,20,1158,50,0,0,0,0,	0,0,0,0,0,0,0,0,0,0,0,0,	0,0,0,0,0,0,0,0,0,0,);
add_mission("Byalan's Flora and Fauna",		iz_dun00,null,20,39,666,100,	1068,100,1141,50,1066,50,1070,20,0,0,0,0,	0,0,0,0,0,0,0,0,0,0,0,0,	0,0,0,0,0,0,0,0,0,0,);
add_mission("Danger in Glast Heim Underprison",	gl_prison1,null,60,79,666,100,	1196,10,1197,20,1257,30,1201,10,1202,5,0,0,	0,0,0,0,0,0,0,0,0,0,0,0,	0,0,0,0,0,0,0,0,0,0,);
add_mission("Deep Below Geffen Tower",		gef_dun02,null,60,79,666,100,	1143,30,1109,30,1179,20,0,0,0,0,0,0,		0,0,0,0,0,0,0,0,0,0,0,0,	0,0,0,0,0,0,0,0,0,0,);

//45
add_mission("Karu Cave Crusade",		beach_dun,null,60,79,666,100,	1148,20,1279,30,1278,70,0,0,0,0,0,0,		0,0,0,0,0,0,0,0,0,0,0,0,	0,0,0,0,0,0,0,0,0,0,);
add_mission("Little Monsters of Splendide",	spl_fild02,null,60,79,666,100,	2015,50,0,0,0,0,0,0,0,0,0,0,			0,0,0,0,0,0,0,0,0,0,0,0,	0,0,0,0,0,0,0,0,0,0,);
add_mission("Guardians of Juperos Ruins",	juperos_01,null,80,99,666,100,	1678,50,1676,50,1679,50,1677,50,0,0,0,0,	0,0,0,0,0,0,0,0,0,0,0,0,	0,0,0,0,0,0,0,0,0,0,);
add_mission("Kiel Robot Factory's Robo-People",	kh_dun01,null,80,99,666,100,	1275,25,1737,25,1735,30,1736,30,0,0,0,0,	0,0,0,0,0,0,0,0,0,0,0,0,	0,0,0,0,0,0,0,0,0,0,);
add_mission("Deeper into Sphinx",		in_sphinx4,null,80,99,666,100,	1149,20,1154,60,1146,10,0,0,0,0,0,0,		0,0,0,0,0,0,0,0,0,0,0,0,	0,0,0,0,0,0,0,0,0,0,);

//50
add_mission("Thor Volcano's Firebirds",		thor_v01,null,80,99,666,100,	1835,20,0,0,0,0,0,0,0,0,0,0,			0,0,0,0,0,0,0,0,0,0,0,0,	0,0,0,0,0,0,0,0,0,0,);
add_mission("Conquer Turtle Palace",		tur_dun04,null,80,99,666,100,	1318,35,1315,35,0,0,0,0,0,0,0,0,		0,0,0,0,0,0,0,0,0,0,0,0,	0,0,0,0,0,0,0,0,0,0,);
add_mission("Genocide in Orc Villages",		gef_fild14,null,60,79,666,100,	1213,50,1273,20,1023,15,0,0,0,0,0,0,		0,0,0,0,0,0,0,0,0,0,0,0,	0,0,0,0,0,0,0,0,0,0,);
add_mission("Clock Tower Basement Beasts",	alde_dun03,null,80,99,666,100,	1216,50,1209,10,1102,100,0,0,0,0,0,0,		0,0,0,0,0,0,0,0,0,0,0,0,	0,0,0,0,0,0,0,0,0,0,);
add_mission("Zenhai Marsh Monsters",		cmd_fild03,null,80,99,666,100,	1206,50,1256,10,0,0,0,0,0,0,0,0,		0,0,0,0,0,0,0,0,0,0,0,0,	0,0,0,0,0,0,0,0,0,0,);

//55
add_mission("Reach Knowledge inside Glast Heim",gl_in01,null,80,99,666,100,	1260,40,1281,20,0,0,0,0,0,0,0,0,		0,0,0,0,0,0,0,0,0,0,0,0,	0,0,0,0,0,0,0,0,0,0,);
add_mission("Glast Heim Chivalry is Dead",	gl_knt01,null,80,99,666,100,	1163,70,1219,30,0,0,0,0,0,0,0,0,		0,0,0,0,0,0,0,0,0,0,0,0,	0,0,0,0,0,0,0,0,0,0,);
add_mission("Valley of Gyoll's Demons",		nif_fild02,null,80,99,666,100,	1504,35,1505,35,0,0,0,0,0,0,0,0,		0,0,0,0,0,0,0,0,0,0,0,0,	0,0,0,0,0,0,0,0,0,0,);
add_mission("Demon Glast Heim Castle Dracula",	gl_cas02,null,80,99,666,100,	1163,70,1208,15,0,0,0,0,0,0,0,0,		0,0,0,0,0,0,0,0,0,0,0,0,	0,0,0,0,0,0,0,0,0,0,);
add_mission("Einbech Mine Dungeon Intruders",	ein_dun02,null,80,99,666,100,	1622,30,1617,20,1614,20,1615,20,0,0,0,0,	0,0,0,0,0,0,0,0,0,0,0,0,	0,0,0,0,0,0,0,0,0,0,);

//60
add_mission("Real Demons in Geffenia",		geffenia02,null,80,99,666,100,	1390,50,1371,50,1374,20,1370,20,0,0,0,0,	0,0,0,0,0,0,0,0,0,0,0,0,	0,0,0,0,0,0,0,0,0,0,);
add_mission("Morocc Pyramid Basement's Evils",	moc_pryd05,null,80,99,666,100,	1297,40,1194,15,0,0,0,0,0,0,0,0,		0,0,0,0,0,0,0,0,0,0,0,0,	0,0,0,0,0,0,0,0,0,0,);
add_mission("Trick Monsters in Thanatos Tower",	tha_t02,null,80,99,666,100,	1699,40,1698,40,0,0,0,0,0,0,0,0,		0,0,0,0,0,0,0,0,0,0,0,0,	0,0,0,0,0,0,0,0,0,0,);
add_mission("Delete All of Magma Nogg Road",	mag_dun02,null,80,99,666,100,	1385,200,1384,200,1379,50,1382,50,0,0,0,0,	0,0,0,0,0,0,0,0,0,0,0,0,	0,0,0,0,0,0,0,0,0,0,);
add_mission("Charge to Glast Heim Underground",	gl_dun02,null,80,99,666,100,	1310,100,1149,200,0,0,0,0,0,0,0,0,		0,0,0,0,0,0,0,0,0,0,0,0,	0,0,0,0,0,0,0,0,0,0,);

//65
add_mission("Deep into Rachel Sanctuary's Occult",ra_san05,null,80,99,666,100,	1769,80,1770,30,1774,10,0,0,0,0,0,0,		0,0,0,0,0,0,0,0,0,0,0,0,	0,0,0,0,0,0,0,0,0,0,);
add_mission("Defenders of Juperos Core Ruins",	jupe_core,null,80,99,666,100,	1668,40,1670,40,1671,40,1672,40,1673,40,0,0,	0,0,0,0,0,0,0,0,0,0,0,0,	0,0,0,0,0,0,0,0,0,0,);
add_mission("Make Big Guys Hate This Ice Cave",	ice_dun03,null,80,99,666,100,	1777,80,1775,50,0,0,0,0,0,0,0,0,		0,0,0,0,0,0,0,0,0,0,0,0,	0,0,0,0,0,0,0,0,0,0,);z
add_mission("Rock the Dragons in Abyss Lake",	abyss_03,null,80,99,666,100,	1713,40,1716,20,1714,20,1717,40,1720,3,0,0,	0,0,0,0,0,0,0,0,0,0,0,0,	0,0,0,0,0,0,0,0,0,0,);
add_mission("Demons of the Cursed Abbey",	abbey03,null,80,99,666,100,	1870,60,1864,100,1869,30,1865,30,1867,50,0,0,	0,0,0,0,0,0,0,0,0,0,0,0,	0,0,0,0,0,0,0,0,0,0,);

//70
add_mission("Protectors of Odin's Shrine",	odin_tem03,null,80,99,666,100,	1752,20,1753,20,1754,20,1755,20,0,0,0,0,	0,0,0,0,0,0,0,0,0,0,0,0,	0,0,0,0,0,0,0,0,0,0,);
add_mission("Guardians of Nidhoggur's Nest",	null,null,80,99,666,100,	2023,80,2019,40,2020,15,2021,15,0,0,0,0,	0,0,0,0,0,0,0,0,0,0,0,0,	0,0,0,0,0,0,0,0,0,0,);
add_mission("Sleep Beneath Thor Volcano's Ashes,Red-Greys!",thor_v03,null,80,99,666,100,	1835,30,1831,70,1830,10,1829,10,0,0,0,0,	0,0,0,0,0,0,0,0,0,0,0,0,	0,0,0,0,0,0,0,0,0,0,);
add_mission("Deadly Experiments from Lighthalzen Bio-Labs",lhz_dun03,null,80,99,666,100,	1634,10,1635,10,1636,10,1637,10,1638,10,1639,10,	0,0,0,0,0,0,0,0,0,0,0,0,	0,0,0,0,0,0,0,0,0,0,);

//75
add_mission("Splendid Splatterplunk of Splendide",spl_fild01,null,80,99,666,100,	1993,50,1992,50,0,0,0,0,0,0,0,0,	0,0,0,0,0,0,0,0,0,0,0,0,	0,0,0,0,0,0,0,0,0,0,);
add_mission("Shadows of Dimensional Gorge",	moc_fild21,null,80,99,666,100,	1918,50,1921,50,1919,50,1920,50,0,0,0,0,	0,0,0,0,0,0,0,0,0,0,0,0,	0,0,0,0,0,0,0,0,0,0,);
add_mission("Beasts in Suei Long Gon",		lou_dun03,null,80,99,666,100,	1631,1,1514,20,1513,10,1512,10,0,0,0,0,		0,0,0,0,0,0,0,0,0,0,0,0,	0,0,0,0,0,0,0,0,0,0,);
add_mission("Gatekeepers of Thanatos",		tha_t04,null,80,99,666,100,	1320,80,1295,40,1377,30,1698,30,1699,30,0,0,	0,0,0,0,0,0,0,0,0,0,0,0,	0,0,0,0,0,0,0,0,0,0,);
add_mission("Beyond the Gates of Thanatos",	tha_t07,null,80,99,666,100,	1700,25,1701,25,1702,25,1703,25,0,0,0,0,	0,0,0,0,0,0,0,0,0,0,0,0,	0,0,0,0,0,0,0,0,0,0,);